203.00068436695742            1.8121797938935846e-23
209.90230958833763            1.6633909180119152e-23
214.1592551961446            1.541360190589654e-23
218.50857289263064            1.3748358648885704e-23
227.45513167229933            1.2264040456026756e-23
232.07286927032163            1.1043864350198666e-23
239.9645496938855            1.0040915947480313e-23
246.47238107946387            9.21625264747979e-24
251.4779396192624            8.22055399963468e-24
261.77800491440246            7.194527209558103e-24
268.8718435482817            6.795252866763505e-24
278.01487983188076            6.178142062730027e-24
287.468826738846            5.6170741686399306e-24
301.23647414552266            5.1561697327535626e-24
307.3457317713201            4.77789957605907e-24
322.0608867773993            4.4702891233978036e-24
339.7475442246762            4.064656853521213e-24
356.01895858717705            3.7311347532428686e-24
375.56790082761756            3.425074191350466e-24
393.546690245523            3.2352612275964022e-24
409.64581310363275            3.0268851746513567e-24
432.1334257704647            2.8320866963584228e-24
455.8523522238431            2.6752102264686727e-24
484.096655586558            2.503113346441075e-24
510.6747947362541            2.3197989056040667e-24
542.3083658299768            2.2123533270319343e-24
579.7739918418958            2.0309888600453832e-24
619.8151009463367            1.9185932747614327e-24
667.054192550914            1.829831379068568e-24
698.9867055046992            1.7284246071777983e-24
742.2749349840104            1.680103891940979e-24
777.7975880252739            1.6175475502492179e-24
825.966573520616            1.5723265702695056e-24
854.0242151505822            1.4993357386274348e-24
894.8762450762991            1.485395604629041e-24
931.4643421038302            1.4300494347070869e-24
995.7805899005378            1.3769176779773235e-24
1071.681224963016            1.3007545524309175e-24
1153.3512398268954            1.2524612034126797e-24
1266.3395675551624            1.2176150021403176e-24
1344.7825280301145            1.1612190153730905e-24
1447.2448784823116            1.1396319464304102e-24
1567.954758137356            1.1078636651238372e-24
1665.069661747934            1.0666728517154837e-24
1803.9600453726198            1.0270986809460988e-24
1902.9100123775781            1.0175773114498304e-24
2047.939941872239            9.705000635690535e-25
2233.625015834047            9.345197842640198e-25
2403.793894634848            9.259334006169514e-25
2569.7545857736277            9.000724109233532e-25
2784.1085004709344            8.66679211464487e-25
2976.326548771492            8.424731701440224e-25
3224.5274854434983            8.347555814948674e-25
3564.2012398165143            7.886689071077595e-25
3887.337653120969            7.667052295667447e-25
4239.711566039776            7.597027183134269e-25
4812.986145485412            7.457446980149948e-25
5249.375743700187            7.180969898570523e-25
5649.33883505159            7.047475622104555e-25
5999.077905125491            7.049228728436454e-25
6675.198346015402            6.9854254811858005e-25
7183.699168422            6.987549359930673e-25
8046.802674053545            6.990832988220276e-25
8835.048564347015            6.86144220689819e-25
9765.198378976764            6.996438033487633e-25
10793.497650669487            6.932920997731445e-25
11693.504999259361            6.935220573206491e-25
12499.97435492033            7.41593169392682e-25
13097.726444603113            7.488425457540003e-25
13908.09956617569            7.8560167879848545e-25
14768.917625656408            8.009252246153782e-25
15269.660319732984            8.32175796232869e-25
16323.105745896219            8.647651912481177e-25
17566.197234807954            8.901281745079277e-25
18528.83387660397            9.427427723730622e-25
19806.99103725295            9.890473999594662e-25
21601.531791776633            1.0377124002237892e-24
23402.111848702298            1.0784105568382858e-24
24684.559612429395            1.1421543404938573e-24
26564.603907207525            1.1644969834844983e-24
28777.88309430661            1.2692564052490947e-24
30969.472250213614            1.3064828446161515e-24
33327.502073636664            1.3706911468014278e-24
35626.50187608772            1.4380152832982335e-24
38339.649848739806            1.4801913074106326e-24
42093.276078692215            1.553065429013051e-24
46834.12332111916            1.6929680313492483e-24
50736.545608706365            1.8277592010605903e-24
53160.94419015431            1.935742746199536e-24
56826.525228982755            2.109767664872551e-24
60339.53688394786            2.366093726074343e-24
64931.573785888635            2.6035847070144845e-24
69875.49359930617            2.731540274377556e-24
73213.41730965224            2.9486132891423166e-24
78784.6544589036            3.2756565556659918e-24
84780.42537901773            3.604442723371538e-24
90626.24930986324            3.928485188739306e-24
96232.74662513242            4.1608090582646454e-24
