1.000000000000000056e-01 9.999999999999999799e-13
1.084232539313426807e-01 9.999999999999999799e-13
1.175560199306041886e-01 1.657420746916312933e-12
1.274580620009387877e-01 1.244371448408620124e-12
1.381941782192460666e-01 1.063909024373086054e-12
1.498346247689854305e-01 9.047016299975612148e-13
1.624555756903515447e-01 7.537582347459877802e-13
1.761396213563745095e-01 6.904504366801568808e-13
1.909763089369274081e-01 6.654797782068117985e-13
2.070627283873902880e-01 6.088508122709333120e-13
2.245041477966266130e-01 5.897365300360306481e-13
2.434147022519333459e-01 5.912504777629942835e-13
2.639181407288354042e-01 5.849285377966631735e-13
2.861486358933035823e-01 5.864766552443433861e-13
3.102516621156697352e-01 5.976163441792658856e-13
3.363849474418839636e-01 6.146331336066515677e-13
3.647195057517274575e-01 6.360422603655855135e-13
3.954407558583333815e-01 6.600531670576341184e-13
4.287497348723017798e-01 6.859404161453697520e-13
4.648644137705542079e-01 7.095398955534265659e-13
5.040211237788956300e-01 7.321586982172175097e-13
5.464761029023990080e-01 7.579702589485347756e-13
5.925071727239735742e-01 7.919321534556637031e-13
6.424155564439332222e-01 8.205373977108162966e-13
6.965278500576537191e-01 8.492751386910855684e-13
7.551981595705317130e-01 8.924484774901406256e-13
8.188104182359842165e-01 9.334216319124230443e-13
8.877808989802902229e-01 9.616855075919940622e-13
9.625609384553568404e-01 1.005093435799939547e-12
1.043639890545366988e+00 1.064893486793513352e-12
1.131548328654790270e+00 1.095243847016965262e-12
1.226861517733246920e+00 1.119640901790286809e-12
1.330203178757843441e+00 1.200665339542126075e-12
1.442249570307408968e+00 1.263581044353270889e-12
1.563733913938100351e+00 1.260441053373601632e-12
1.695451192319630485e+00 1.332112848888331149e-12
1.838263351530690537e+00 1.462066704103002603e-12
1.993104941556930632e+00 1.448562301434327097e-12
2.160989231902410435e+00 1.465946139014788048e-12
2.343014842334522729e+00 1.662793209313574934e-12
2.540372932153408314e+00 1.699926774958664965e-12
2.754354995031785158e+00 1.624019455123374018e-12
2.986361310433934158e+00 1.823339678552871995e-12
3.237910106919157815e+00 2.002643758460411970e-12
3.510647497293566843e+00 1.833486297574709252e-12
3.806358250624931383e+00 1.943912823048060912e-12
4.126977471611683157e+00 2.317195341495615166e-12
4.474603263734840297e+00 2.137264056188062269e-12
4.851510459059373837e+00 2.079640545287721411e-12
5.260165504531594927e+00 2.547156559556296297e-12
5.703242602187182264e+00 2.538905083763957706e-12
6.183641208889926411e+00 2.272296432654764404e-12
6.704505010117874697e+00 2.651105049435429814e-12
7.269242491959692742e+00 2.981127193840153434e-12
7.881549245942522042e+00 2.525174173581171810e-12
8.545432152652086444e+00 2.690185239006799906e-12
9.265235602400572645e+00 3.363995726886416245e-12
1.004566992452794238e+01 2.852013177870242708e-12
1.089184221137545450e+01 2.771374777326550550e-12
1.180928973864078202e+01 3.511963999613817118e-12
1.280401620081449110e+01 3.277183591369951195e-12
1.388253099881934105e+01 2.940889253892758788e-12
1.505189183694726118e+01 3.457987191401488925e-12
1.631975090784437299e+01 3.799900175739601749e-12
1.769440496777470884e+01 3.174798746555430348e-12
1.918484962985049336e+01 3.405919814827030299e-12
2.080083823051906222e+01 4.275886263335625420e-12
2.255294565452349431e+01 3.460278990013268834e-12
2.445263753600170276e+01 3.469144366581863685e-12
2.651234528856994643e+01 4.387060781445690350e-12
2.874554745538056721e+01 3.832570930868752565e-12
3.116685791150189289e+01 3.621465361851961409e-12
3.379212149580847324e+01 4.180127551564186099e-12
3.663851769818825943e+01 4.361172627124321776e-12
3.972467308058655533e+01 3.815232026484330422e-12
4.307078316756010139e+01 4.060707422253882847e-12
4.669874460398170157e+01 4.966188495672987730e-12
5.063229844472427743e+01 4.043103692036778008e-12
5.489718551399868574e+01 4.140593908973080054e-12
5.952131485100307628e+01 5.160268561284753097e-12
6.453494634417705811e+01 4.346608208169593547e-12
6.997088874920278556e+01 4.316540082019926173e-12
7.586471438656543853e+01 4.886220022193083123e-12
8.225499192363373879e+01 4.832953564986403500e-12
8.918353876456683338e+01 4.530626828062193786e-12
9.669569469966376118e+01 4.770689893881688406e-12
1.048406186048923274e+02 5.544120129310917678e-12
1.136716101331728055e+02 4.772563301746409200e-12
1.232464585025358446e+02 4.917283816394936227e-12
1.336278206635913364e+02 5.990059612515620509e-12
1.448836313210048843e+02 5.071236961101149910e-12
1.570875474921234911e+02 5.170510104157683202e-12
1.703194305119036187e+02 5.788626920377717146e-12
1.846658686383378551e+02 5.477699499407136157e-12
2.002207436782648244e+02 5.430122779068318081e-12
2.170858453415078486e+02 5.695894777865892245e-12
2.353715373436249649e+02 6.162800449252785913e-12
2.551974796161836139e+02 5.723095245432064505e-12
2.766934113506412700e+02 5.925372570446916894e-12
3.000000000000001137e+02 1.000128439610764436e-11
