1.000000000000000056e-01 9.999999999999999237e-25
1.084232539313426807e-01 9.999999999999999237e-25
1.175560199306041886e-01 2.594223777782415017e-24
1.274580620009387877e-01 1.947711832291330468e-24
1.381941782192460666e-01 1.665248907714278543e-24
1.498346247689854305e-01 1.416054725214099986e-24
1.624555756903515447e-01 1.179795497863350960e-24
1.761396213563745095e-01 1.080705031325491111e-24
1.909763089369274081e-01 1.041620522411293851e-24
2.070627283873902880e-01 9.529838800769622889e-25
2.245041477966266130e-01 9.230658730995584654e-25
2.434147022519333459e-01 9.254355304113408336e-25
2.639181407288354042e-01 9.155403200300491899e-25
2.861486358933035823e-01 9.179634603825109138e-25
3.102516621156697352e-01 9.353994952369749411e-25
3.363849474418839636e-01 9.620344699922228071e-25
3.647195057517274575e-01 9.955444075289260670e-25
3.954407558583333815e-01 1.033126696264147252e-24
4.287497348723017798e-01 1.073645868748931250e-24
4.648644137705542079e-01 1.110584184343907664e-24
5.040211237788956300e-01 1.145987527643963909e-24
5.464761029023990080e-01 1.186388231398272068e-24
5.925071727239735742e-01 1.239545979322874662e-24
6.424155564439332222e-01 1.284319405112116647e-24
6.965278500576537191e-01 1.329300217081458831e-24
7.551981595705317130e-01 1.396875877811590082e-24
8.188104182359842165e-01 1.461007771688769710e-24
8.877808989802902229e-01 1.505246881448888024e-24
9.625609384553568404e-01 1.573189725598233421e-24
1.043639890545366988e+00 1.666789805416334468e-24
1.131548328654790270e+00 1.714294717067706668e-24
1.226861517733246920e+00 1.752481411499141089e-24
1.330203178757843441e+00 1.879302270587892819e-24
1.442249570307408968e+00 1.977779025944234788e-24
1.563733913938100351e+00 1.972864257453680533e-24
1.695451192319630485e+00 2.085046198259314172e-24
1.838263351530690537e+00 2.288452232510760467e-24
1.993104941556930632e+00 2.267314906592675504e-24
2.160989231902410435e+00 2.294524391499738287e-24
2.343014842334522729e+00 2.602632849359708821e-24
2.540372932153408314e+00 2.660754952110354281e-24
2.754354995031785158e+00 2.541943494974589613e-24
2.986361310433934158e+00 2.853922975125522477e-24
3.237910106919157815e+00 3.134572839329748520e-24
3.510647497293566843e+00 2.869804639679827031e-24
3.806358250624931383e+00 3.042646157812785023e-24
4.126977471611683157e+00 3.626914447558122161e-24
4.474603263734840297e+00 3.345282870557270027e-24
4.851510459059373837e+00 3.255089549147337632e-24
5.260165504531594927e+00 3.986853745391480373e-24
5.703242602187182264e+00 3.973938391977681951e-24
6.183641208889926411e+00 3.556637894586591984e-24
6.704505010117874697e+00 4.149555729555528958e-24
7.269242491959692742e+00 4.666112129489574741e-24
7.881549245942522042e+00 3.952446532562931026e-24
8.545432152652086444e+00 4.210724721924401438e-24
9.265235602400572645e+00 5.265384615999463170e-24
1.004566992452794238e+01 4.464020626238795323e-24
1.089184221137545450e+01 4.337803999289871959e-24
1.180928973864078202e+01 5.496987129827474278e-24
1.280401620081449110e+01 5.129504751715512862e-24
1.388253099881934105e+01 4.603131006091573679e-24
1.505189183694726118e+01 5.412501690896564147e-24
1.631975090784437299e+01 5.947669840289328499e-24
1.769440496777470884e+01 4.969250212002738177e-24
1.918484962985049336e+01 5.331004927545756994e-24
2.080083823051906222e+01 6.692691542610509339e-24
2.255294565452349431e+01 5.416088853937839532e-24
2.445263753600170276e+01 5.429965095515159720e-24
2.651234528856994643e+01 6.866703831823900108e-24
2.874554745538056721e+01 5.998806674392259570e-24
3.116685791150189289e+01 5.668380566370532439e-24
3.379212149580847324e+01 6.542808341567503939e-24
3.663851769818825943e+01 6.826183242442248075e-24
3.972467308058655533e+01 5.971667519712199662e-24
4.307078316756010139e+01 6.355889878314124986e-24
4.669874460398170157e+01 7.773164601922904918e-24
5.063229844472427743e+01 6.328336213629246721e-24
5.489718551399868574e+01 6.480929596659015987e-24
5.952131485100307628e+01 8.076942095925553652e-24
6.453494634417705811e+01 6.803386760614677136e-24
6.997088874920278556e+01 6.756323606635361819e-24
7.586471438656543853e+01 7.647996556472100005e-24
8.225499192363373879e+01 7.564622971290514196e-24
8.918353876456683338e+01 7.091415904791031202e-24
9.669569469966376118e+01 7.467166790420763060e-24
1.048406186048923274e+02 8.677753245874318270e-24
1.136716101331728055e+02 7.470099080997442666e-24
1.232464585025358446e+02 7.696618147391301521e-24
1.336278206635913364e+02 9.375745480460172783e-24
1.448836313210048843e+02 7.937588286948009640e-24
1.570875474921234911e+02 8.092972336945577988e-24
1.703194305119036187e+02 9.060459527549656583e-24
1.846658686383378551e+02 8.573790520810346757e-24
2.002207436782648244e+02 8.499322610717970306e-24
2.170858453415078486e+02 8.915313565357213732e-24
2.353715373436249649e+02 9.646122442310474647e-24
2.551974796161836139e+02 8.957888210239390412e-24
2.766934113506412700e+02 9.274496197220484892e-24
3.000000000000001137e+02 1.565418427216353782e-23
