1.000000000000000056e-01 1.000000000000000072e-18
1.084232539313426807e-01 1.000000000000000072e-18
1.175560199306041886e-01 2.712143040408647022e-18
1.274580620009387877e-01 2.036244188304863741e-18
1.381941782192460666e-01 1.740942039883164573e-18
1.498346247689854305e-01 1.480420849087397851e-18
1.624555756903515447e-01 1.233422565948029148e-18
1.761396213563745095e-01 1.129827987294924380e-18
1.909763089369274081e-01 1.088966909793048356e-18
2.070627283873902880e-01 9.963013291706181802e-19
2.245041477966266130e-01 9.650234127862802209e-19
2.434147022519333459e-01 9.675007817943778767e-19
2.639181407288354042e-01 9.571557891217314215e-19
2.861486358933035823e-01 9.596890722180087203e-19
3.102516621156697352e-01 9.779176541111437778e-19
3.363849474418839636e-01 1.005763309538670062e-18
3.647195057517274575e-01 1.040796426052221939e-18
3.954407558583333815e-01 1.080087000640420939e-18
4.287497348723017798e-01 1.122447953690674136e-18
4.648644137705542079e-01 1.161065283632587174e-18
5.040211237788956300e-01 1.198077869810553858e-18
5.464761029023990080e-01 1.240314969188021200e-18
5.925071727239735742e-01 1.295888978382605560e-18
6.424155564439332222e-01 1.342697559890475208e-18
6.965278500576537191e-01 1.389722954222822436e-18
7.551981595705317130e-01 1.460370235893140001e-18
8.188104182359842165e-01 1.527417215856396836e-18
8.877808989802902229e-01 1.573667194241005645e-18
9.625609384553568404e-01 1.644698349491657259e-18
1.043639890545366988e+00 1.742552978388498473e-18
1.131548328654790270e+00 1.792217204207258506e-18
1.226861517733246920e+00 1.832139657475394888e-18
1.330203178757843441e+00 1.964725101068371683e-18
1.442249570307408968e+00 2.067678072578272573e-18
1.563733913938100351e+00 2.062539905519076674e-18
1.695451192319630485e+00 2.179821025452830049e-18
1.838263351530690537e+00 2.392472788533589936e-18
1.993104941556930632e+00 2.370374675074603397e-18
2.160989231902410435e+00 2.398820954751716601e-18
2.343014842334522729e+00 2.720934342511588951e-18
2.540372932153408314e+00 2.781698359022894076e-18
2.754354995031785158e+00 2.657486381110505616e-18
2.986361310433934158e+00 2.983646746723117595e-18
3.237910106919157815e+00 3.277053422935521089e-18
3.510647497293566843e+00 3.000250305121086596e-18
3.806358250624931383e+00 3.180948255895595981e-18
4.126977471611683157e+00 3.791774195174242559e-18
4.474603263734840297e+00 3.497341182854313086e-18
4.851510459059373837e+00 3.403048165017573003e-18
5.260165504531594927e+00 4.168074370181981353e-18
5.703242602187182264e+00 4.154571955248889226e-18
6.183641208889926411e+00 3.718303253431888560e-18
6.704505010117874697e+00 4.338171899079119604e-18
7.269242491959692742e+00 4.878208135371400891e-18
7.881549245942522042e+00 4.132103193133447966e-18
8.545432152652086444e+00 4.402121300199046498e-18
9.265235602400572645e+00 5.504720280366136089e-18
1.004566992452794238e+01 4.666930654700472163e-18
1.089184221137545450e+01 4.534976908351825414e-18
1.180928973864078202e+01 5.746850181185472918e-18
1.280401620081449110e+01 5.362664058605526498e-18
1.388253099881934105e+01 4.812364233642033926e-18
1.505189183694726118e+01 5.658524495021833893e-18
1.631975090784437299e+01 6.218018469391400874e-18
1.769440496777470884e+01 5.195125221633463758e-18
1.918484962985049336e+01 5.573323333348279968e-18
2.080083823051906222e+01 6.996904794548550445e-18
2.255294565452349431e+01 5.662274710926723952e-18
2.445263753600170276e+01 5.676781690771243710e-18
2.651234528856994643e+01 7.178826733281349901e-18
2.874554745538056721e+01 6.271479705044839596e-18
3.116685791150189289e+01 5.926034228481166931e-18
3.379212149580847324e+01 6.840208720745973071e-18
3.663851769818825943e+01 7.136464298933226696e-18
3.972467308058655533e+01 6.243106952430567273e-18
4.307078316756010139e+01 6.644793963698901555e-18
4.669874460398170157e+01 8.126490265649742726e-18
5.063229844472427743e+01 6.615987859697279832e-18
5.489718551399868574e+01 6.775517305596741393e-18
5.952131485100307628e+01 8.444075827560103450e-18
6.453494634417705811e+01 7.112631613369569807e-18
6.997088874920278556e+01 7.063429225119321346e-18
7.586471438656543853e+01 7.995632763584280160e-18
8.225499192363373879e+01 7.908469469987840211e-18
8.918353876456683338e+01 7.413752991372582278e-18
9.669569469966376118e+01 7.806583462713257578e-18
1.048406186048923274e+02 9.072196575231946151e-18
1.136716101331728055e+02 7.809649039219245643e-18
1.232464585025358446e+02 8.046464426813576558e-18
1.336278206635913364e+02 9.801915729563575091e-18
1.448836313210048843e+02 8.298387754539748035e-18
1.570875474921234911e+02 8.460834715903368681e-18
1.703194305119036187e+02 9.472298596992485171e-18
1.846658686383378551e+02 8.963508271757515165e-18
2.002207436782648244e+02 8.885655456658716712e-18
2.170858453415078486e+02 9.320555091049199334e-18
2.353715373436249649e+02 1.008458255332498299e-17
2.551974796161836139e+02 9.365064947067912141e-18
2.766934113506412700e+02 9.696064206185016430e-18
3.000000000000001137e+02 1.636573810271633878e-17
