1.000000000000000056e-01 9.999999999999999237e-25
1.084232539313426807e-01 9.999999999999999237e-25
1.175560199306041886e-01 1.654483469087751455e-25
1.274580620009387877e-01 1.773577856950801584e-25
1.381941782192460666e-01 2.141446332646077151e-25
1.498346247689854305e-01 1.737768910956134039e-25
1.624555756903515447e-01 1.773196863580455880e-25
1.761396213563745095e-01 2.210701112835703780e-25
1.909763089369274081e-01 1.798327160929734549e-25
2.070627283873902880e-01 1.712639054906394796e-25
2.245041477966266130e-01 2.315283608487216859e-25
2.434147022519333459e-01 1.929764698907224029e-25
2.639181407288354042e-01 1.817199724841080867e-25
2.861486358933035823e-01 2.474739887040152287e-25
3.102516621156697352e-01 2.310620542742086873e-25
3.363849474418839636e-01 2.093805450541936272e-25
3.647195057517274575e-01 2.553761753015842933e-25
3.954407558583333815e-01 2.904936957188234751e-25
4.287497348723017798e-01 2.478013637251845732e-25
4.648644137705542079e-01 2.703265054442569680e-25
5.040211237788956300e-01 3.730108891796745074e-25
5.464761029023990080e-01 2.947009521829068323e-25
5.925071727239735742e-01 3.079001960188309308e-25
6.424155564439332222e-01 4.495205262258084909e-25
6.965278500576537191e-01 3.621444611308942197e-25
7.551981595705317130e-01 3.687818948609949410e-25
8.188104182359842165e-01 4.716345925896217701e-25
8.877808989802902229e-01 4.598478552867834076e-25
9.625609384553568404e-01 4.432331071883487699e-25
1.043639890545366988e+00 5.005422503380157387e-25
1.131548328654790270e+00 6.244245933651680343e-25
1.226861517733246920e+00 5.314839313611063816e-25
1.330203178757843441e+00 5.771211487586476705e-25
1.442249570307408968e+00 8.508762403650343509e-25
1.563733913938100351e+00 6.387931573873621398e-25
1.695451192319630485e+00 6.866109085033582409e-25
1.838263351530690537e+00 9.106948338105818832e-25
1.993104941556930632e+00 7.759306472971649945e-25
2.160989231902410435e+00 8.131851721201867160e-25
2.343014842334522729e+00 9.277453021436669288e-25
2.540372932153408314e+00 1.002577257711183573e-24
2.754354995031785158e+00 9.546903900477984557e-25
2.986361310433934158e+00 1.046591799952014281e-24
3.237910106919157815e+00 1.433694162874622852e-24
3.510647497293566843e+00 1.106746803497647082e-24
3.806358250624931383e+00 1.206858328951065326e-24
4.126977471611683157e+00 1.647304407788381429e-24
4.474603263734840297e+00 1.286231591844329634e-24
4.851510459059373837e+00 1.388422012924986950e-24
5.260165504531594927e+00 1.573123574818801710e-24
5.703242602187182264e+00 1.539483458635455250e-24
6.183641208889926411e+00 1.583081795749452738e-24
6.704505010117874697e+00 1.707780096059217325e-24
7.269242491959692742e+00 2.055388680221200493e-24
7.881549245942522042e+00 1.760019687964482408e-24
8.545432152652086444e+00 1.881793292745251458e-24
9.265235602400572645e+00 2.584491346274578215e-24
1.004566992452794238e+01 1.933426411598625496e-24
1.089184221137545450e+01 2.053310275052012878e-24
1.180928973864078202e+01 2.304427760563121464e-24
1.280401620081449110e+01 2.127898153494973110e-24
1.388253099881934105e+01 2.222706941370644842e-24
1.505189183694726118e+01 2.351674894945852882e-24
1.631975090784437299e+01 2.532173339170812853e-24
1.769440496777470884e+01 2.390715956432258880e-24
1.918484962985049336e+01 2.511040699487773079e-24
2.080083823051906222e+01 3.362193123008807431e-24
2.255294565452349431e+01 2.546238074978841012e-24
2.445263753600170276e+01 2.659817119460278567e-24
2.651234528856994643e+01 3.026574350060678779e-24
2.874554745538056721e+01 2.703986680369308092e-24
3.116685791150189289e+01 2.805689982774210384e-24
3.379212149580847324e+01 2.932036740134303535e-24
3.663851769818825943e+01 2.956808865901635456e-24
3.972467308058655533e+01 2.947690798975653619e-24
4.307078316756010139e+01 3.057027677555116470e-24
4.669874460398170157e+01 3.788008824321107999e-24
5.063229844472427743e+01 3.096030782996931857e-24
5.489718551399868574e+01 3.199408097084098234e-24
5.952131485100307628e+01 3.784276793430873654e-24
6.453494634417705811e+01 3.251718301519854672e-24
6.997088874920278556e+01 3.347581209932390984e-24
7.586471438656543853e+01 3.485613848868693325e-24
8.225499192363373879e+01 3.455510328476705071e-24
8.918353876456683338e+01 3.512521030699991604e-24
9.669569469966376118e+01 3.620313665806642609e-24
1.048406186048923274e+02 4.085708149531433447e-24
1.136716101331728055e+02 3.694335976094010710e-24
1.232464585025358446e+02 3.798700374421932179e-24
1.336278206635913364e+02 4.696407079921082599e-24
1.448836313210048843e+02 3.901663721049675427e-24
1.570875474921234911e+02 4.002951978370889356e-24
1.703194305119036187e+02 4.203956480925447156e-24
1.846658686383378551e+02 4.112548436125802541e-24
2.002207436782648244e+02 4.203189315534662587e-24
2.170858453415078486e+02 4.328498778405776942e-24
2.353715373436249649e+02 4.551422425339352657e-24
2.551974796161836139e+02 4.431521593687251377e-24
2.766934113506412700e+02 4.558960411825372853e-24
3.000000000000001137e+02 7.731210822245014849e-24
