9 5.64191e-42
9.41414 6.26594e-42
9.82828 6.92262e-42
10.2424 7.61196e-42
10.6566 8.33396e-42
11.0707 9.08861e-42
11.4848 9.87592e-42
11.899 1.06959e-41
12.3131 1.15485e-41
12.7273 1.24338e-41
13.1414 1.33517e-41
13.5556 1.43023e-41
13.9697 1.52855e-41
14.3838 1.63014e-41
14.798 1.735e-41
15.2121 1.84312e-41
15.6263 1.95451e-41
16.0404 2.06916e-41
16.4545 2.18708e-41
16.8687 2.30826e-41
17.2828 2.43271e-41
17.697 2.56043e-41
18.1111 2.69141e-41
18.5253 2.82565e-41
18.9394 2.96317e-41
19.3535 3.10394e-41
19.7677 3.24799e-41
20.1818 3.39529e-41
20.596 3.54587e-41
21.0101 3.69971e-41
21.4242 3.85681e-41
21.8384 4.01718e-41
22.2525 4.18082e-41
22.6667 4.34772e-41
23.0808 4.51789e-41
23.4949 4.69132e-41
23.9091 4.86802e-41
24.3232 5.04799e-41
24.7374 5.23122e-41
25.1515 5.41771e-41
25.5657 5.60748e-41
25.9798 5.8005e-41
26.3939 5.9968e-41
26.8081 6.19635e-41
27.2222 6.39918e-41
27.6364 6.60527e-41
28.0505 6.81462e-41
28.4646 7.02724e-41
28.8788 7.24313e-41
29.2929 7.46228e-41
29.7071 7.6847e-41
30.1212 7.91038e-41
30.5354 8.13933e-41
30.9495 8.37155e-41
31.3636 8.60703e-41
31.7778 8.84577e-41
32.1919 9.08778e-41
32.6061 9.33306e-41
33.0202 9.5816e-41
33.4343 9.83341e-41
33.8485 1.00885e-40
34.2626 1.03468e-40
34.6768 1.06084e-40
35.0909 1.08733e-40
35.5051 1.11414e-40
35.9192 1.14128e-40
36.3333 1.16875e-40
36.7475 1.19654e-40
37.1616 1.22466e-40
37.5758 1.25311e-40
37.9899 1.28188e-40
38.404 1.31098e-40
38.8182 1.34041e-40
39.2323 1.37016e-40
39.6465 1.40024e-40
40.0606 1.43065e-40
40.4747 1.46138e-40
40.8889 1.49244e-40
41.303 1.52382e-40
41.7172 1.55553e-40
42.1313 1.58757e-40
42.5455 1.61994e-40
42.9596 1.65263e-40
43.3737 1.68565e-40
43.7879 1.71899e-40
44.202 1.75266e-40
44.6162 1.78666e-40
45.0303 1.82099e-40
45.4444 1.85564e-40
45.8586 1.89062e-40
46.2727 1.92592e-40
46.6869 1.96155e-40
47.101 1.99751e-40
47.5152 2.03379e-40
47.9293 2.0704e-40
48.3434 2.10734e-40
48.7576 2.1446e-40
49.1717 2.18219e-40
49.5859 2.22011e-40
