8.999999999999999320e-03 9.999999999999999237e-25
9.292929292929292054e-03 2.545876925145817129e-25
9.585858585858586522e-03 2.045507232662444756e-25
9.878787878787879256e-03 1.613280163270234929e-25
1.017171717171717199e-02 1.334651542512365846e-25
1.046464646464646299e-02 1.190854936761262208e-25
1.075757575757575746e-02 1.086801539567428514e-25
1.105050505050505019e-02 1.015161901537556686e-25
1.134343434343434293e-02 9.762631876170961594e-26
1.163636363636363739e-02 9.580947029163689519e-26
1.192929292929292839e-02 9.493254624060279558e-26
1.222222222222222113e-02 9.438797545257014796e-26
1.251515151515151560e-02 9.393484060812873576e-26
1.280808080808080833e-02 9.351918970365067034e-26
1.310101010101010106e-02 9.313627398088190872e-26
1.339393939393939380e-02 9.278398281481406770e-26
1.368686868686868653e-02 9.246039993761948672e-26
1.397979797979797927e-02 9.216377900644032631e-26
1.427272727272727373e-02 9.189252251776622039e-26
1.456565656565656647e-02 9.164516350881570659e-26
1.485858585858585747e-02 9.142034961575749613e-26
1.515151515151515194e-02 9.121682913213960338e-26
1.544444444444444467e-02 9.103343877079370192e-26
1.573737373737373740e-02 9.086909288122064074e-26
1.603030303030303014e-02 9.072277391447623950e-26
1.632323232323232634e-02 9.059352396061427811e-26
1.661616161616161561e-02 9.048043721092727056e-26
1.690909090909090834e-02 9.038265321982350415e-26
1.720202020202020107e-02 9.029935086015977621e-26
1.749494949494949381e-02 9.022974288145813783e-26
1.778787878787879001e-02 9.017307099384460102e-26
1.808080808080808274e-02 9.012860141166273068e-26
1.837373737373737201e-02 9.009562080010281146e-26
1.866666666666666474e-02 9.007343257638180707e-26
1.895959595959595748e-02 9.006135352375988102e-26
1.925252525252525368e-02 9.005871068253844474e-26
1.954545454545454641e-02 9.006483848730148540e-26
1.983838383838384262e-02 9.007907612398244189e-26
2.013131313131313188e-02 9.010076508413460745e-26
2.042424242424242115e-02 9.012924689702941073e-26
2.071717171717171735e-02 9.016386102317728911e-26
2.101010101010101008e-02 9.020394289532073369e-26
2.130303030303030282e-02 9.024882209520966262e-26
2.159595959595959555e-02 9.029782070753030191e-26
2.188888888888888828e-02 9.035025280339648034e-26
2.218181818181818102e-02 9.040542619442825763e-26
2.247474747474747375e-02 9.046264501697339895e-26
2.276767676767676649e-02 9.052121245620504335e-26
2.306060606060606269e-02 9.058043358683634415e-26
2.335353535353535195e-02 9.063961832670019931e-26
2.364646464646464816e-02 9.069808449878476287e-26
2.393939393939393742e-02 9.075516099632766843e-26
2.423232323232323016e-02 9.081019104468375493e-26
2.452525252525252636e-02 9.086253555278927034e-26
2.481818181818181909e-02 9.091157654599325473e-26
2.511111111111111183e-02 9.095672067116497419e-26
2.540404040404040456e-02 9.099740276402346186e-26
2.569696969696969382e-02 9.103308946784239564e-26
2.598989898989899003e-02 9.106328289194658448e-26
2.628282828282828276e-02 9.108752429772348290e-26
2.657575757575757550e-02 9.110539779949474492e-26
2.686868686868686823e-02 9.111653406716275143e-26
2.716161616161616096e-02 9.112061401746721726e-26
2.745454545454545370e-02 9.111737248078952978e-26
2.774747474747474643e-02 9.110660183062944804e-26
2.804040404040404263e-02 9.108815556358550009e-26
2.833333333333333190e-02 9.106195181837765263e-26
2.862626262626262463e-02 9.102797682356699590e-26
2.891919191919192084e-02 9.098628826516221684e-26
2.921212121212121010e-02 9.093701856676643427e-26
2.950505050505050630e-02 9.088037807729824223e-26
2.979797979797979904e-02 9.081665816339373017e-26
3.009090909090908830e-02 9.074623420651699624e-26
3.038383838383838451e-02 9.066956850781888552e-26
3.067676767676767724e-02 9.058721310722047955e-26
3.096969696969696997e-02 9.049981252699846363e-26
3.126262626262626271e-02 9.040810645435005443e-26
3.155555555555555891e-02 9.031293238191743964e-26
3.184848484848484818e-02 9.021522823021452936e-26
3.214141414141414438e-02 9.011603498128495905e-26
3.243434343434343364e-02 9.001649935861146743e-26
3.272727272727272985e-02 8.991787659450826168e-26
3.302020202020201911e-02 8.982153333299101209e-26
3.331313131313130838e-02 8.972895072319520424e-26
3.360606060606061152e-02 8.964172776626660208e-26
3.389898989898989384e-02 8.956158498698993469e-26
3.419191919191919005e-02 8.949036851056594560e-26
3.448484848484848625e-02 8.943005463488159260e-26
3.477777777777777551e-02 8.938275499944277843e-26
3.507070707070707172e-02 8.935072246427252825e-26
3.536363636363636098e-02 8.933635782520129277e-26
3.565656565656566412e-02 8.934221750692642696e-26
3.594949494949494645e-02 8.937102239179836843e-26
3.624242424242424265e-02 8.942566796105710652e-26
3.653535353535353886e-02 8.950923594650716873e-26
3.682828282828282118e-02 8.962500771503832905e-26
3.712121212121212432e-02 8.977647963610305012e-26
3.741414141414141359e-02 8.996738071455389048e-26
3.770707070707070285e-02 9.020169280822215215e-26
3.799999999999999906e-02 9.048367379292440543e-26
