-7.099999999999999645e-01 1.209999999999999964e-02 4.355999999999999629e-03
-5.100000000000000089e-01 1.460000000000000013e-02 4.964000000000000530e-03
-2.700000000000000178e-01 1.499999999999999944e-02 4.799999999999999580e-03
-8.999999999999999667e-02 1.370000000000000037e-02 4.109999999999999938e-03
1.000000000000000056e-01 1.159999999999999920e-02 3.943999999999999589e-03
2.999999999999999889e-01 8.550000000000000308e-03 2.907000000000000296e-03
5.000000000000000000e-01 6.089999999999999927e-03 2.192399999999999731e-03
6.999999999999999556e-01 3.729999999999999809e-03 1.417399999999999867e-03
9.000000000000000222e-01 2.320000000000000014e-03 8.352000000000000266e-04
1.219999999999999973e+00 9.420000000000000205e-04 2.825999999999999845e-04
1.719999999999999973e+00 2.030000000000000012e-04 7.307999999999999826e-05
2.431363764160000000e+00 1.000000000000000000e-05 9.000000000000000000e-06
2.770852011640000000e+00 7.600000000000000000e-06 1.900000000000000000e-06
3.397940008670000000e+00 6.400000000000000000e-07 2.600000000000000000e-07
4.315970345460000000e+00 3.500000000000000000e-08 3.300000000000000000e-08
